Function: Insertion Sort Random Sequence
           Size      Time(sec)
              2    2.87009e-08
              4    2.57938e-08
              8    5.27636e-08
             16    1.22283e-07
             32      3.079e-07
             64    6.84993e-07
            128    2.06639e-06
            256    5.39875e-06
            512    1.77291e-05
           1024    6.15693e-05
           2048    0.000218176
           4096    0.000851179
           8192     0.00384266
          16384       0.015465
          32768      0.0502522
          65536       0.208844
Function: Merge Sort (traditional) Random Sequence
           Size      Time(sec)
              2    5.02617e-08
              4    1.36293e-07
              8    2.96309e-07
             16    7.29453e-07
             32      1.536e-06
             64    3.31212e-06
            128    7.08619e-06
            256    1.50204e-05
            512    3.14789e-05
           1024     6.7572e-05
Function: Merge Sort Random Sequence 2^4 k
           Size      Time(sec)
              2    1.63076e-08
              4    3.43125e-08
              8    5.68164e-08
             16    1.19313e-07
             32    3.97047e-07
             64    1.04031e-06
            128      2.507e-06
            256     5.9346e-06
            512    1.32949e-05
           1024    3.02388e-05
Function: Insertion Sort Sorted Sequence
           Size      Time(sec)
              2    1.29614e-08
              4    1.39768e-08
              8    1.60715e-08
             16    1.90045e-08
             32    2.28074e-08
             64    3.65815e-08
            128    5.45381e-08
            256    9.21152e-08
            512    1.60352e-07
           1024    3.01516e-07
           2048    5.85563e-07
           4096    1.19787e-06
           8192    2.37237e-06
          16384     4.8953e-06
          32768     9.5843e-06
          65536    1.90409e-05
Function: Insertion Sort Reverse Sorted Sequence
           Size      Time(sec)
              2    1.27587e-08
              4    1.54614e-08
              8    2.14993e-08
             16    5.11035e-08
             32    1.32969e-07
             64    5.60113e-07
            128    2.12397e-06
            256    7.42278e-06
            512    2.71304e-05
           1024    0.000105027
           2048    0.000401591
           4096     0.00157078
           8192     0.00639086
          16384      0.0251269
          32768      0.0972752
          65536       0.383397
Function: Merge Sort (traditional) Sorted Sequence
           Size      Time(sec)
              2    3.99502e-08
              4    9.97734e-08
              8     2.2482e-07
             16    4.90531e-07
             32    1.05141e-06
             64    2.17991e-06
            128    4.50144e-06
            256     9.1526e-06
            512    1.87582e-05
           1024    3.81867e-05
Function: Merge Sort (traditional) Reverse Sorted Sequence
           Size      Time(sec)
              2    3.39502e-08
              4    9.43828e-08
              8    2.18809e-07
             16    5.12273e-07
             32    1.07739e-06
             64     2.1935e-06
            128    4.48281e-06
            256     9.1493e-06
            512    1.92135e-05
           1024    4.73446e-05
Function: Merge Sort Random Sequence 2^6 k
           Size      Time(sec)
              2    1.54473e-08
              4    2.52559e-08
              8    5.30352e-08
             16    1.12852e-07
             32     2.6325e-07
             64    6.88437e-07
            128    1.90537e-06
            256     4.4197e-06
            512    1.04746e-05
           1024    2.37259e-05
Function: Merge Sort Random Sequence 2^8 k
           Size      Time(sec)
              2    1.54873e-08
              4    2.56563e-08
              8    5.04961e-08
             16    1.14016e-07
             32    2.73375e-07
             64    7.00125e-07
            128    1.88131e-06
            256     5.2729e-06
            512    1.22788e-05
           1024    2.75509e-05
